..9
9
17
17
11
11
37
37
49
49
57
57
30
30
6
6
7
7
99
99
107
107
19
19
54
54
140
140
148
148
156
156
72
72
76
76
189
189
197
197
87
87
95
95
226
226
238
238
246
246
252
252
117
117
279
279
287
287
128
128
25
25
139
139
328
328
336
336
343
343
63
63
369
369
377
377
385
385
73
73
75
75
418
418
426
426
434
434
34
34
35
35
467
467
475
475
211
211
88
88
508
508
516
516
524
524
100
100
101
101
557
557
565
565
247
247
250
250
594
594
606
606
614
614
620
620
120
120
647
647
655
655
124
124
290
290
294
294
696
696
%{
  1 => 8315,
  2 => 7701,
  3 => 6879,
  4 => 6408,
  5 => 7868,
  6 => 7203,
  7 => 6970,
  8 => 7902,
  9 => 7571,
  10 => 7502
}


  1) test part one example (Day09Test)
     test/day09_test.exs:4
     Assertion with == failed
     code:  assert Day09.part1(10, 1618) == 8317
     left:  8315
     right: 8317
     stacktrace:
       test/day09_test.exs:6: (test)

.

Finished in 0.02 seconds
4 tests, 1 failure

Randomized with seed 883855
