.9
9
17
17
11
11
15
15
50
50
58
58
66
66
33
33
37
37
99
99
107
107
45
45
55
55
140
140
148
148
156
156
73
73
77
77
189
189
197
197
88
88
95
95
226
226
238
238
246
246
252
252
117
117
279
279
287
287
128
128
10
10
139
139
328
328
336
336
343
343
64
64
369
369
377
377
385
385
74
74
76
76
418
418
426
426
434
434
3
3
14
14
467
467
475
475
211
211
89
89
508
508
516
516
524
524
100
100
101
101
557
557
565
565
247
247
250
250
594
594
606
606
614
614
620
620
120
120
647
647
655
655
124
124
290
290
294
294
696
696
%{
  1 => 8317,
  2 => 7738,
  3 => 6857,
  4 => 6395,
  5 => 7896,
  6 => 7173,
  7 => 6996,
  8 => 7932,
  9 => 7552,
  10 => 7503
}
...

Finished in 0.02 seconds
4 tests, 0 failures

Randomized with seed 759369
